190,09;58,95;100,60;86,55;69,95;77,02;77,91;60,14;77,17;77,52;21,28;97,72;30,43;27,38;31,28;33,47;36,17;19,95;19,19;
62,50;102,36;92,60;87,47;79,34;77,36;75,83;77,05;76,40;75,84;78,81;21,91;128,41;31,38;23,95;87,07;21,98;20,53;19,34;
91,83;203,09;88,88;82,14;79,83;76,88;76,55;77,57;76,21;77,62;21,55;98,29;29,50;27,28;88,69;22,17;66,28;20,09;19,19;
236,91;94,33;90,98;86,34;79,31;77,26;76,71;75,81;76,74;76,71;21,69;19,79;126,81;29,16;23,66;24,93;38,19;66,17;19,19;
99,40;139,16;311,90;76,71;78,71;77,22;75,17;77,00;77,71;76,50;21,52;117,64;24,21;25,57;31,74;35,41;92,62;20,05;18,78;
-118,59;4,40;89,07;88,21;79,79;76,52;77,10;76,53;76,69;76,28;22,97;22,81;86,67;30,71;23,07;86,52;21,57;21,26;20,05;


174,76;100,21;89,88;79,22;65,03;77,74;77,05;76,90;77,14;78,16;20,10;138,97;27,09;89,90;27,21;21,05;21,40;36,17;63,88;
201,57;96,79;96,43;87,86;80,86;77,48;75,66;76,34;76,97;76,36;78,76;21,78;29,91;29,41;24,00;29,26;20,76;21,33;37,45;
102,78;92,57;89,60;77,59;77,41;77,78;77,03;76,53;76,95;69,28;21,19;103,19;29,05;30,79;28,88;21,05;21,41;36,19;92,88;
236,52;98,62;98,33;87,05;80,00;77,72;75,97;75,67;77,53;78,05;22,28;23,19;23,74;28,43;23,17;23,50;20,45;22,17;86,95;
99,09;98,48;100,29;77,93;77,47;77,36;76,47;76,67;77,71;21,72;20,79;120,29;26,57;86,93;28,45;20,95;21,07;36,45;94,48;



62,90;98,86;97,67;86,53;80,22;77,93;76,16;75,88;76,93;78,07;21,07;33,22;27,38;30,22;28,91;22,26;21,90;21,36;23,45;
100,48;99,34;104,29;86,45;87,31;76,93;75,95;76,86;77,41;77,67;20,34;23,19;24,19;28,48;22,60;85,36;23,00;21,09;23,14;
239,10;100,12;89,19;86,14;79,45;77,31;76,28;77,02;76,76;78,17;20,67;100,48;26,67;29,91;29,81;22,36;21,50;21,55;22,36;
235,81;98,72;95,57;86,57;80,21;77,67;75,81;75,78;76,98;77,36;21,91;23,05;24,16;29,05;22,14;87,43;21,91;21,52;23,03;
237,53;98,19;94,98;86,55;78,00;77,34;76,79;76,91;77,59;77,66;19,79;119,00;25,86;29,81;27,24;21,97;21,50;22,09;22,47;
103,29;98,62;99,28;87,43;87,67;77,55;75,93;76,62;76,16;77,69;21,66;23,19;24,16;25,55;22,48;85,62;21,79;21,07;23,28;

I got 5(five) Micro SD card readers.
But 2(two) of it not working.
